data/POLAR001.ros
* Sea-Bird SBE 9 Data File:
* FileName = C:Documents and SettingsCTDDesktopOPERANTAR XXXIII? BRUTOSPOLAR001.hex
* Software Version Seasave V 7.12
* Temperature SN = 031738
* Conductivity SN = 043181
* Number of Bytes Per Scan = 28
* Number of Voltage Words = 2
* Number of Scans Averaged by the Deck Unit = 1
** H-41
** NAVIO POLAR ALMIRANTE MAXIMIANO
** XXXIII
** ANT?RTICA XXXIII
** N?MERO DA ESTA??O: 001
** LATITUDE GGMM.mm S: 3730,35S
** LONGITUDE GGGMM.mm W: 05202,91W
** DATA (DD/MM/AAAA): 18/10/2014
** HORA (Z) :  0535Z
** PROFUNDIDADE LOCAL: 4095
** 09P52130-0929
** NOME DO OPERADOR: CT DANIEL GAMA
# nquan = 13
# nvalues = 490
# units = specified
# name 0 = depSM: Depth [salt water, m]
# name 1 = t090C: Temperature [ITS-90, deg C]
# name 2 = t190C: Temperature, 2 [ITS-90, deg C]
# name 3 = c0S/m: Conductivity [S/m]
# name 4 = c1S/m: Conductivity, 2 [S/m]
# name 5 = flSP: Fluorescence, Seapoint
# name 6 = sbeox0ML/L: Oxygen, SBE 43 [ml/l]
# name 7 = prDM: Pressure, Digiquartz [db]
# name 8 = svCM: Sound Velocity [Chen-Millero, m/s]
# name 9 = prDM: Pressure, Digiquartz [db]
# name 10 = scan: scan number
# name 11 = nbf: number of bottles fired
# name 12 = flag:  0.000e+00
# interval = seconds: 0.0416667
# start_time = Oct 18 2014 05:36:32
*END*
   1006.725     4.0033     4.0046   3.230746   3.231195 5.2503e-02    3.60810   1014.760    1482.26   1014.760      43070          1  0.000e+00
   1006.725     4.0035     4.0049   3.230716   3.231168 5.2503e-02    3.61376   1014.760    1482.26   1014.760      43071          1  0.000e+00
   1006.732     4.0035     4.0050   3.230710   3.231175 5.2503e-02    3.60810   1014.766    1482.26   1014.766      43072          1  0.000e+00
   1006.725     4.0030     4.0048   3.230710   3.231182 5.2503e-02    3.60814   1014.760    1482.26   1014.760      43073          1  0.000e+00
   1006.679     4.0030     4.0051   3.230710   3.231182 5.3724e-02    3.60811   1014.713    1482.26   1014.713      43074          1  0.000e+00
   1006.725     4.0031     4.0052   3.230710   3.231219 5.3724e-02    3.61378   1014.760    1482.26   1014.760      43075          1  0.000e+00
   1006.679     4.0030     4.0054   3.230710   3.231212 5.1282e-02    3.60811   1014.713    1482.26   1014.713      43076          1  0.000e+00
   1006.679     4.0035     4.0056   3.230776   3.231246 5.1282e-02    3.60806   1014.713    1482.26   1014.713      43077          1  0.000e+00
   1006.725     4.0044     4.0054   3.230800   3.231246 5.1282e-02    3.60801   1014.760    1482.27   1014.760      43078          1  0.000e+00
   1006.679     4.0047     4.0054   3.230866   3.231232 5.0061e-02    3.61361   1014.713    1482.27   1014.713      43079          1  0.000e+00
   1006.679     4.0054     4.0054   3.230909   3.231192 5.1282e-02    3.61355   1014.713    1482.27   1014.713      43080          1  0.000e+00
   1006.679     4.0059     4.0056   3.230897   3.231219 5.2503e-02    3.60786   1014.713    1482.27   1014.713      43081          1  0.000e+00
   1006.679     4.0054     4.0053   3.230897   3.231192 5.2503e-02    3.60789   1014.713    1482.27   1014.713      43082          1  0.000e+00
   1006.679     4.0057     4.0058   3.230957   3.231239 5.1282e-02    3.60785   1014.714    1482.27   1014.714      43083          1  0.000e+00
   1006.679     4.0060     4.0054   3.230951   3.231259 5.0061e-02    3.60217   1014.714    1482.27   1014.714      43084          1  0.000e+00
   1006.679     4.0062     4.0056   3.230963   3.231239 5.1282e-02    3.60782   1014.714    1482.27   1014.714      43085          1  0.000e+00
   1006.679     4.0063     4.0058   3.230975   3.231272 5.3724e-02    3.60780   1014.714    1482.27   1014.714      43086          1  0.000e+00
   1006.680     4.0065     4.0059   3.231017   3.231225 5.3724e-02    3.61344   1014.714    1482.27   1014.714      43087          1  0.000e+00
   1006.686     4.0068     4.0056   3.231011   3.231245 5.3724e-02    3.61342   1014.720    1482.28   1014.720      43088          1  0.000e+00
   1006.627     4.0069     4.0059   3.231005   3.231219 5.4945e-02    3.60773   1014.660    1482.27   1014.660      43089          1  0.000e+00
   1006.680     4.0070     4.0059   3.231005   3.231209 5.4945e-02    3.60775   1014.714    1482.28   1014.714      43090          1  0.000e+00
   1006.680     4.0072     4.0059   3.231005   3.231225 5.6166e-02    3.60774   1014.714    1482.28   1014.714      43091          1  0.000e+00
   1006.680     4.0072     4.0058   3.231023   3.231272 5.4945e-02    3.61339   1014.714    1482.28   1014.714      43092          1  0.000e+00
   1006.627     4.0065     4.0059   3.230987   3.231269 5.3724e-02    3.60776   1014.660    1482.27   1014.660      43093          1  0.000e+00
   1006.680     4.0063     4.0061   3.230951   3.231259 5.3724e-02    3.60781   1014.714    1482.27   1014.714      43094          1  0.000e+00
   1006.680     4.0057     4.0061   3.230945   3.231239 5.3724e-02    3.61352   1014.714    1482.27   1014.714      43095          1  0.000e+00
   1006.680     4.0062     4.0058   3.230963   3.231212 5.2503e-02    3.60782   1014.714    1482.27   1014.714      43096          1  0.000e+00
   1006.680     4.0060     4.0061   3.230909   3.231266 5.1282e-02    3.60784   1014.714    1482.27   1014.714      43097          1  0.000e+00
   1006.627     4.0059     4.0061   3.230909   3.231286 5.1282e-02    3.60783   1014.661    1482.27   1014.661      43098          1  0.000e+00
   1006.680     4.0056     4.0063   3.230915   3.231286 5.1282e-02    3.60788   1014.714    1482.27   1014.714      43099          1  0.000e+00
   1006.680     4.0056     4.0064   3.230933   3.231303 5.0061e-02    3.60787   1014.714    1482.27   1014.714      43100          1  0.000e+00
   1006.680     4.0063     4.0066   3.230945   3.231309 5.0061e-02    3.60781   1014.714    1482.27   1014.714      43101          1  0.000e+00
   1006.680     4.0065     4.0064   3.230945   3.231309 4.8840e-02    3.60780   1014.714    1482.27   1014.714      43102          1  0.000e+00
   1006.680     4.0062     4.0067   3.230957   3.231309 5.0061e-02    3.60782   1014.715    1482.27   1014.715      43103          1  0.000e+00
   1006.634     4.0052     4.0069   3.230945   3.231330 5.1282e-02    3.60787   1014.668    1482.27   1014.668      43104          1  0.000e+00
   1006.680     4.0038     4.0066   3.230903   3.231336 5.1282e-02    3.60800   1014.715    1482.26   1014.715      43105          1  0.000e+00
   1006.680     4.0024     4.0068   3.230818   3.231316 5.1282e-02    3.60813   1014.715    1482.26   1014.715      43106          1  0.000e+00
   1006.680     4.0020     4.0074   3.230776   3.231346 5.1282e-02    3.60816   1014.715    1482.26   1014.715      43107          1  0.000e+00
   1006.681     4.0019     4.0071   3.230722   3.231397 5.2503e-02    3.61385   1014.715    1482.26   1014.715      43108          1  0.000e+00
   1006.681     4.0024     4.0075   3.230710   3.231360 5.2503e-02    3.60816   1014.715    1482.26   1014.715      43109          1  0.000e+00
   1006.681     4.0023     4.0072   3.230752   3.231414 5.3724e-02    3.60815   1014.715    1482.26   1014.715      43110          1  0.000e+00
   1006.681     4.0025     4.0072   3.230746   3.231397 5.1282e-02    3.60814   1014.715    1482.26   1014.715      43111          1  0.000e+00
   1006.681     4.0024     4.0075   3.230740   3.231367 5.1282e-02    3.60815   1014.715    1482.26   1014.715      43112          1  0.000e+00
   1006.681     4.0025     4.0071   3.230716   3.231360 5.0061e-02    3.60815   1014.715    1482.26   1014.715      43113          1  0.000e+00
   1006.681     4.0022     4.0072   3.230685   3.231380 5.1282e-02    3.60818   1014.715    1482.26   1014.715      43114          1  0.000e+00
   1006.681     4.0027     4.0070   3.230698   3.231346 5.1282e-02    3.60814   1014.715    1482.26   1014.715      43115          1  0.000e+00
   1006.681     4.0024     4.0067   3.230685   3.231276 5.1282e-02    3.60817   1014.715    1482.26   1014.715      43116          1  0.000e+00
   1006.681     4.0020     4.0064   3.230698   3.231182 5.1282e-02    3.60818   1014.715    1482.26   1014.715      43117          1  0.000e+00
   1006.681     4.0027     4.0052   3.230728   3.231098 5.1282e-02    3.60813   1014.715    1482.26   1014.715      43118          1  0.000e+00
    897.001     4.5226     4.5240   3.272594   3.272920 4.8840e-02    3.64593    903.921    1482.60    903.921      47223          2  0.000e+00
    897.021     4.5225     4.5239   3.272540   3.272940 4.8840e-02    3.64597    903.941    1482.60    903.941      47224          2  0.000e+00
    897.047     4.5226     4.5239   3.272497   3.272886 5.0061e-02    3.64048    903.968    1482.60    903.968      47225          2  0.000e+00
    897.100     4.5223     4.5236   3.272491   3.272869 5.0061e-02    3.65154    904.021    1482.60    904.021      47226          2  0.000e+00
    897.147     4.5217     4.5231   3.272467   3.272849 4.8840e-02    3.64611    904.068    1482.60    904.068      47227          2  0.000e+00
    897.067     4.5218     4.5226   3.272436   3.272842 4.8840e-02    3.64607    903.988    1482.59    903.988      47228          2  0.000e+00
    897.200     4.5221     4.5227   3.272388   3.272801 5.1282e-02    3.64612    904.121    1482.60    904.121      47229          2  0.000e+00
    897.200     4.5207     4.5225   3.272376   3.272771 5.1282e-02    3.65173    904.121    1482.59    904.121      47230          2  0.000e+00
    897.200     4.5204     4.5225   3.272352   3.272784 5.1282e-02    3.64075    904.121    1482.59    904.121      47231          2  0.000e+00
    897.219     4.5206     4.5223   3.272321   3.272849 5.3724e-02    3.64076    904.141    1482.59    904.141      47232          2  0.000e+00
    897.246     4.5212     4.5226   3.272333   3.272828 5.4945e-02    3.64623    904.168    1482.59    904.168      47233          2  0.000e+00
    897.246     4.5198     4.5225   3.272321   3.272798 5.4945e-02    3.64633    904.168    1482.59    904.168      47234          2  0.000e+00
    897.299     4.5191     4.5217   3.272243   3.272734 5.3724e-02    3.64642    904.222    1482.59    904.222      47235          2  0.000e+00
    897.319     4.5189     4.5213   3.272200   3.272717 5.2503e-02    3.64096    904.242    1482.59    904.242      47236          2  0.000e+00
    897.352     4.5189     4.5210   3.272194   3.272697 5.1282e-02    3.64648    904.275    1482.59    904.275      47237          2  0.000e+00
    897.398     4.5183     4.5208   3.272134   3.272629 5.1282e-02    3.65206    904.322    1482.59    904.322      47238          2  0.000e+00
    897.398     4.5177     4.5208   3.272079   3.272612 5.1282e-02    3.64662    904.322    1482.58    904.322      47239          2  0.000e+00
    897.418     4.5180     4.5205   3.272073   3.272571 5.1282e-02    3.64111    904.342    1482.58    904.342      47240          2  0.000e+00
    897.451     4.5182     4.5202   3.272049   3.272541 5.1282e-02    3.64662    904.375    1482.58    904.375      47241          2  0.000e+00
    897.498     4.5172     4.5202   3.272043   3.272592 5.0061e-02    3.64121    904.422    1482.58    904.422      47242          2  0.000e+00
    897.498     4.5166     4.5203   3.272061   3.272592 5.1282e-02    3.64675    904.422    1482.58    904.422      47243          2  0.000e+00
    897.570     4.5175     4.5201   3.272073   3.272565 5.1282e-02    3.64121    904.496    1482.58    904.496      47244          2  0.000e+00
    897.551     4.5178     4.5201   3.272073   3.272501 5.1282e-02    3.64118    904.476    1482.59    904.476      47245          2  0.000e+00
    897.597     4.5174     4.5189   3.272049   3.272406 5.1282e-02    3.64675    904.523    1482.58    904.523      47246          2  0.000e+00
    897.650     4.5171     4.5178   3.272018   3.272301 5.1282e-02    3.64130    904.576    1482.58    904.576      47247          2  0.000e+00
    897.670     4.5172     4.5171   3.272055   3.272237 5.0061e-02    3.64679    904.596    1482.59    904.596      47248          2  0.000e+00
    897.650     4.5178     4.5170   3.272049   3.272247 5.0061e-02    3.64674    904.576    1482.59    904.576      47249          2  0.000e+00
    897.749     4.5171     4.5166   3.272085   3.272254 5.1282e-02    3.64683    904.676    1482.59    904.676      47250          2  0.000e+00
    897.696     4.5166     4.5163   3.272055   3.272193 5.1282e-02    3.64685    904.623    1482.58    904.623      47251          2  0.000e+00
    897.769     4.5169     4.5161   3.272019   3.272156 5.2503e-02    3.64688    904.696    1482.59    904.696      47252          2  0.000e+00
    897.802     4.5175     4.5162   3.271994   3.272190 5.2503e-02    3.64685    904.730    1482.59    904.730      47253          2  0.000e+00
    897.848     4.5161     4.5170   3.271988   3.272335 5.3724e-02    3.64147    904.777    1482.58    904.777      47254          2  0.000e+00
    897.848     4.5161     4.5186   3.271970   3.272494 5.3724e-02    3.64148    904.777    1482.58    904.777      47255          2  0.000e+00
    897.868     4.5159     4.5190   3.271958   3.272555 5.4945e-02    3.64701    904.797    1482.58    904.797      47256          2  0.000e+00
    897.948     4.5164     4.5190   3.271934   3.272521 5.3724e-02    3.64152    904.877    1482.59    904.877      47257          2  0.000e+00
    897.901     4.5161     4.5189   3.271879   3.272450 5.2503e-02    3.64703    904.830    1482.58    904.830      47258          2  0.000e+00
    897.948     4.5150     4.5184   3.271867   3.272433 5.1282e-02    3.64163    904.877    1482.58    904.877      47259          2  0.000e+00
    898.020     4.5148     4.5178   3.271843   3.272355 5.1282e-02    3.64719    904.950    1482.58    904.950      47260          2  0.000e+00
    898.001     4.5153     4.5171   3.271812   3.272271 5.0061e-02    3.64716    904.930    1482.58    904.930      47261          2  0.000e+00
    898.047     4.5151     4.5166   3.271825   3.272213 4.8840e-02    3.64719    904.977    1482.58    904.977      47262          2  0.000e+00
    898.100     4.5143     4.5160   3.271813   3.272163 5.0061e-02    3.64727    905.031    1482.58    905.031      47263          2  0.000e+00
    898.067     4.5140     4.5155   3.271806   3.272190 5.1282e-02    3.64177    904.997    1482.58    904.997      47264          2  0.000e+00
    898.146     4.5142     4.5154   3.271806   3.272122 5.0061e-02    3.64731    905.077    1482.58    905.077      47265          2  0.000e+00
    898.146     4.5142     4.5142   3.271758   3.272021 5.0061e-02    3.64732    905.077    1482.58    905.077      47266          2  0.000e+00
    898.146     4.5134     4.5136   3.271697   3.271936 5.1282e-02    3.64740    905.078    1482.58    905.078      47267          2  0.000e+00
    898.219     4.5123     4.5131   3.271613   3.271896 5.2503e-02    3.64753    905.151    1482.57    905.151      47268          2  0.000e+00
    898.252     4.5116     4.5131   3.271594   3.271929 5.2503e-02    3.64760    905.184    1482.57    905.184      47269          2  0.000e+00
    898.199     4.5121     4.5128   3.271528   3.271926 5.2503e-02    3.64756    905.131    1482.57    905.131      47270          2  0.000e+00
    898.252     4.5116     4.5126   3.271510   3.271899 5.1282e-02    3.64763    905.185    1482.57    905.185      47271          2  0.000e+00
    847.954     5.0877     5.0852   3.325517   3.325526 5.0061e-02    3.52570    854.394    1484.17    854.394      49708          3  0.000e+00
    847.855     5.0880     5.0842   3.325566   3.325397 5.0061e-02    3.52562    854.294    1484.17    854.294      49709          3  0.000e+00
    847.809     5.0880     5.0832   3.325608   3.325305 5.1282e-02    3.52558    854.248    1484.17    854.248      49710          3  0.000e+00
    848.060     5.0879     5.0836   3.325547   3.325356 5.2503e-02    3.53111    854.501    1484.17    854.501      49711          3  0.000e+00
    847.908     5.0869     5.0849   3.325364   3.325523 5.2503e-02    3.52577    854.348    1484.16    854.348      49712          3  0.000e+00
    847.954     5.0857     5.0862   3.325242   3.325721 5.2503e-02    3.52590    854.394    1484.16    854.394      49713          3  0.000e+00
    848.007     5.0853     5.0868   3.325200   3.325857 5.2503e-02    3.52597    854.448    1484.16    854.448      49714          3  0.000e+00
    847.954     5.0843     5.0878   3.325169   3.325918 5.2503e-02    3.52602    854.395    1484.16    854.395      49715          3  0.000e+00
    848.007     5.0845     5.0884   3.325163   3.326010 5.1282e-02    3.52603    854.448    1484.16    854.448      49716          3  0.000e+00
    848.007     5.0843     5.0886   3.325181   3.326013 5.1282e-02    3.52604    854.448    1484.16    854.448      49717          3  0.000e+00
    848.053     5.0843     5.0892   3.325169   3.326013 5.1282e-02    3.52606    854.495    1484.16    854.495      49718          3  0.000e+00
    848.054     5.0841     5.0892   3.325139   3.325986 5.0061e-02    3.52069    854.495    1484.16    854.495      49719          3  0.000e+00
    848.106     5.0837     5.0889   3.325066   3.325864 5.0061e-02    3.52077    854.548    1484.15    854.548      49720          3  0.000e+00
