data/POLAR001.ros
* Sea-Bird SBE 9 Data File:
* FileName = C:Documents and SettingsCTDDesktopOPERANTAR XXXIII? BRUTOSPOLAR001.hex
* Software Version Seasave V 7.12
* Temperature SN = 031738
* Conductivity SN = 043181
* Number of Bytes Per Scan = 28
* Number of Voltage Words = 2
* Number of Scans Averaged by the Deck Unit = 1
** H-41
** NAVIO POLAR ALMIRANTE MAXIMIANO
** XXXIII
** ANT?RTICA XXXIII
** N?MERO DA ESTA??O: 001
** LATITUDE GGMM.mm S: 3730,35S
** LONGITUDE GGGMM.mm W: 05202,91W
** DATA (DD/MM/AAAA): 18/10/2014
** HORA (Z) :  0535Z
** PROFUNDIDADE LOCAL: 4095
** 09P52130-0929
** NOME DO OPERADOR: CT DANIEL GAMA
# nquan = 13
# nvalues = 490
# units = specified
# name 0 = depSM: Depth [salt water, m]
# name 1 = t090C: Temperature [ITS-90, deg C]
# name 2 = t190C: Temperature, 2 [ITS-90, deg C]
# name 3 = c0S/m: Conductivity [S/m]
# name 4 = c1S/m: Conductivity, 2 [S/m]
# name 5 = flSP: Fluorescence, Seapoint
# name 6 = sbeox0ML/L: Oxygen, SBE 43 [ml/l]
# name 7 = prDM: Pressure, Digiquartz [db]
# name 8 = svCM: Sound Velocity [Chen-Millero, m/s]
# name 9 = prDM: Pressure, Digiquartz [db]
# name 10 = scan: scan number
# name 11 = nbf: number of bottles fired
# name 12 = flag:  0.000e+00
# interval = seconds: 0.0416667
# start_time = Oct 18 2014 05:36:32
*END*
[from data line 112]
    848.107     5.0858     5.0886   3.325370   3.325911 5.1282e-02    3.52055    854.548    1484.17    854.548      49722          3  0.000e+00
    848.107     5.0867     5.0886   3.325480   3.325877 5.1282e-02    3.52046    854.548    1484.17    854.548      49723          3  0.000e+00
    848.107     5.0877     5.0876   3.325535   3.325792 5.1282e-02    3.52576    854.549    1484.17    854.549      49724          3  0.000e+00
    848.160     5.0875     5.0869   3.325553   3.325680 5.0061e-02    3.52041    854.602    1484.17    854.602      49725          3  0.000e+00
    848.160     5.0880     5.0857   3.325596   3.325489 5.0061e-02    3.52037    854.602    1484.18    854.602      49726          3  0.000e+00
    848.206     5.0880     5.0846   3.325572   3.325383 5.0061e-02    3.52039    854.649    1484.18    854.649      49727          3  0.000e+00
    848.160     5.0885     5.0838   3.325578   3.325377 5.0061e-02    3.52034    854.602    1484.18    854.602      49728          3  0.000e+00
    848.259     5.0883     5.0841   3.325608   3.325465 5.1282e-02    3.52039    854.702    1484.18    854.702      49729          3  0.000e+00
    848.206     5.0883     5.0857   3.325547   3.325663 5.2503e-02    3.52038    854.649    1484.18    854.649      49730          3  0.000e+00
    848.206     5.0882     5.0873   3.325547   3.325884 5.2503e-02    3.52039    854.649    1484.18    854.649      49731          3  0.000e+00
    848.259     5.0873     5.0878   3.325462   3.326068 5.2503e-02    3.52049    854.702    1484.17    854.702      49732          3  0.000e+00
    848.305     5.0861     5.0892   3.325322   3.326157 5.3724e-02    3.52064    854.749    1484.17    854.749      49733          3  0.000e+00
    848.259     5.0840     5.0892   3.325096   3.326085 5.2503e-02    3.52081    854.703    1484.16    854.703      49734          3  0.000e+00
    848.259     5.0827     5.0892   3.324999   3.326027 5.3724e-02    3.52092    854.703    1484.15    854.703      49735          3  0.000e+00
    848.306     5.0829     5.0884   3.325005   3.325949 5.3724e-02    3.52093    854.749    1484.15    854.749      49736          3  0.000e+00
    848.306     5.0833     5.0881   3.325194   3.325877 5.2503e-02    3.52085    854.749    1484.16    854.749      49737          3  0.000e+00
    848.359     5.0838     5.0879   3.325291   3.325833 5.2503e-02    3.52082    854.803    1484.16    854.803      49738          3  0.000e+00
    848.306     5.0850     5.0883   3.325383   3.325928 5.2503e-02    3.52069    854.750    1484.17    854.750      49739          3  0.000e+00
    848.359     5.0861     5.0889   3.325444   3.326034 5.2503e-02    3.52063    854.803    1484.17    854.803      49740          3  0.000e+00
    848.359     5.0867     5.0901   3.325486   3.326123 5.2503e-02    3.52057    854.803    1484.17    854.803      49741          3  0.000e+00
    848.359     5.0883     5.0910   3.325608   3.326238 5.2503e-02    3.52043    854.803    1484.18    854.803      49742          3  0.000e+00
    848.359     5.0891     5.0912   3.325718   3.326255 5.1282e-02    3.52035    854.803    1484.18    854.803      49743          3  0.000e+00
    848.405     5.0902     5.0910   3.325779   3.326204 5.1282e-02    3.52028    854.850    1484.19    854.850      49744          3  0.000e+00
    848.366     5.0903     5.0909   3.325797   3.326177 5.0061e-02    3.52026    854.810    1484.19    854.810      49745          3  0.000e+00
    848.405     5.0899     5.0912   3.325773   3.326245 5.0061e-02    3.52031    854.850    1484.19    854.850      49746          3  0.000e+00
    848.359     5.0896     5.0920   3.325767   3.326272 5.0061e-02    3.52031    854.804    1484.19    854.804      49747          3  0.000e+00
    848.458     5.0902     5.0923   3.325785   3.326306 5.0061e-02    3.52031    854.904    1484.19    854.904      49748          3  0.000e+00
    848.359     5.0902     5.0920   3.325822   3.326327 5.1282e-02    3.52025    854.804    1484.19    854.804      49749          3  0.000e+00
    848.459     5.0902     5.0920   3.325798   3.326320 5.1282e-02    3.51492    854.904    1484.19    854.904      49750          3  0.000e+00
    848.406     5.0904     5.0920   3.325846   3.326306 5.0061e-02    3.51487    854.850    1484.19    854.850      49751          3  0.000e+00
    848.406     5.0901     5.0915   3.325810   3.326255 5.1282e-02    3.52029    854.850    1484.19    854.850      49752          3  0.000e+00
    848.406     5.0901     5.0909   3.325773   3.326208 5.2503e-02    3.51491    854.851    1484.19    854.851      49753          3  0.000e+00
    848.406     5.0902     5.0907   3.325785   3.326191 5.2503e-02    3.51490    854.851    1484.19    854.851      49754          3  0.000e+00
    848.406     5.0907     5.0911   3.325797   3.326252 5.2503e-02    3.51486    854.851    1484.19    854.851      49755          3  0.000e+00
    848.406     5.0902     5.0917   3.325816   3.326327 5.3724e-02    3.51489    854.851    1484.19    854.851      49756          3  0.000e+00
    698.898     7.2413     7.2431   3.533267   3.533783 4.8840e-02    3.01175    703.953    1490.51    703.953      54873          4  0.000e+00
    698.964     7.2414     7.2434   3.533286   3.533804 5.0061e-02    3.01177    704.019    1490.51    704.019      54874          4  0.000e+00
    699.004     7.2414     7.2434   3.533298   3.533864 5.0061e-02    3.01178    704.059    1490.51    704.059      54875          4  0.000e+00
    698.898     7.2414     7.2434   3.533273   3.533864 4.8840e-02    3.01174    703.953    1490.51    703.953      54876          4  0.000e+00
    699.063     7.2414     7.2434   3.533242   3.533836 5.0061e-02    3.01181    704.119    1490.51    704.119      54877          4  0.000e+00
    699.004     7.2413     7.2429   3.533254   3.533787 5.1282e-02    3.01679    704.060    1490.51    704.060      54878          4  0.000e+00
    699.011     7.2411     7.2428   3.533217   3.533755 5.1282e-02    3.00682    704.066    1490.51    704.066      54879          4  0.000e+00
    699.050     7.2408     7.2425   3.533204   3.533727 5.0061e-02    3.01185    704.106    1490.51    704.106      54880          4  0.000e+00
    699.050     7.2410     7.2424   3.533223   3.533699 5.0061e-02    3.01184    704.106    1490.51    704.106      54881          4  0.000e+00
    698.965     7.2408     7.2424   3.533236   3.533734 5.1282e-02    3.01181    704.020    1490.51    704.020      54882          4  0.000e+00
    699.050     7.2409     7.2422   3.533211   3.533706 5.1282e-02    3.01684    704.106    1490.51    704.106      54883          4  0.000e+00
    699.050     7.2405     7.2424   3.533248   3.533692 5.2503e-02    3.01186    704.106    1490.51    704.106      54884          4  0.000e+00
    699.064     7.2408     7.2424   3.533242   3.533713 5.2503e-02    3.01185    704.120    1490.51    704.120      54885          4  0.000e+00
    699.051     7.2408     7.2424   3.533236   3.533741 5.3724e-02    3.01185    704.107    1490.51    704.107      54886          4  0.000e+00
    699.051     7.2410     7.2422   3.533211   3.533748 5.2503e-02    3.01184    704.107    1490.51    704.107      54887          4  0.000e+00
    699.064     7.2408     7.2425   3.533204   3.533727 5.2503e-02    3.01186    704.120    1490.51    704.120      54888          4  0.000e+00
    699.103     7.2408     7.2424   3.533223   3.533741 5.1282e-02    3.01187    704.160    1490.51    704.160      54889          4  0.000e+00
    699.051     7.2410     7.2422   3.533254   3.533748 5.1282e-02    3.01183    704.107    1490.51    704.107      54890          4  0.000e+00
    699.064     7.2406     7.2424   3.533236   3.533727 5.3724e-02    3.00686    704.120    1490.51    704.120      54891          4  0.000e+00
    699.104     7.2408     7.2420   3.533211   3.533699 5.3724e-02    3.00687    704.160    1490.51    704.160      54892          4  0.000e+00
    699.104     7.2408     7.2422   3.533204   3.533734 5.2503e-02    3.01187    704.160    1490.51    704.160      54893          4  0.000e+00
    699.110     7.2406     7.2420   3.533204   3.533706 5.1282e-02    3.01188    704.167    1490.51    704.167      54894          4  0.000e+00
    699.104     7.2404     7.2420   3.533179   3.533692 5.2503e-02    3.01190    704.160    1490.51    704.160      54895          4  0.000e+00
    699.051     7.2403     7.2420   3.533192   3.533692 5.2503e-02    3.01188    704.107    1490.51    704.107      54896          4  0.000e+00
    699.111     7.2403     7.2420   3.533154   3.533734 5.1282e-02    3.01191    704.167    1490.51    704.167      54897          4  0.000e+00
    699.005     7.2401     7.2420   3.533211   3.533748 5.0061e-02    3.01187    704.061    1490.51    704.061      54898          4  0.000e+00
    699.203     7.2403     7.2424   3.533186   3.533727 5.0061e-02    3.01194    704.260    1490.51    704.260      54899          4  0.000e+00
    699.111     7.2403     7.2420   3.533217   3.533741 5.1282e-02    3.01190    704.167    1490.51    704.167      54900          4  0.000e+00
    699.104     7.2401     7.2422   3.533211   3.533748 5.2503e-02    3.01191    704.161    1490.51    704.161      54901          4  0.000e+00
    699.104     7.2403     7.2422   3.533204   3.533748 5.2503e-02    3.01190    704.161    1490.51    704.161      54902          4  0.000e+00
    699.111     7.2403     7.2420   3.533179   3.533706 5.2503e-02    3.01191    704.167    1490.51    704.167      54903          4  0.000e+00
    699.052     7.2406     7.2422   3.533217   3.533692 5.2503e-02    3.01186    704.108    1490.51    704.108      54904          4  0.000e+00
    699.104     7.2403     7.2422   3.533236   3.533755 5.0061e-02    3.01189    704.161    1490.51    704.161      54905          4  0.000e+00
    699.111     7.2408     7.2424   3.533236   3.533713 5.0061e-02    3.01187    704.168    1490.51    704.168      54906          4  0.000e+00
    699.105     7.2406     7.2420   3.533254   3.533713 5.0061e-02    3.01187    704.161    1490.51    704.161      54907          4  0.000e+00
    699.052     7.2408     7.2424   3.533242   3.533741 5.0061e-02    3.01184    704.108    1490.51    704.108      54908          4  0.000e+00
    699.111     7.2410     7.2420   3.533254   3.533769 5.0061e-02    3.01186    704.168    1490.51    704.168      54909          4  0.000e+00
    699.105     7.2408     7.2424   3.533217   3.533755 5.0061e-02    3.01187    704.161    1490.51    704.161      54910          4  0.000e+00
    699.052     7.2411     7.2424   3.533223   3.533748 5.2503e-02    3.01183    704.108    1490.51    704.108      54911          4  0.000e+00
    699.065     7.2410     7.2422   3.533211   3.533769 5.2503e-02    3.01685    704.121    1490.51    704.121      54912          4  0.000e+00
    699.052     7.2406     7.2422   3.533154   3.533776 5.1282e-02    3.01187    704.108    1490.51    704.108      54913          4  0.000e+00
    698.953     7.2401     7.2422   3.533161   3.533755 5.1282e-02    3.01186    704.009    1490.50    704.009      54914          4  0.000e+00
    699.065     7.2403     7.2422   3.533148   3.533769 5.1282e-02    3.01189    704.122    1490.51    704.122      54915          4  0.000e+00
    699.151     7.2401     7.2422   3.533161   3.533776 5.1282e-02    3.01694    704.208    1490.51    704.208      54916          4  0.000e+00
    699.013     7.2403     7.2424   3.533173   3.533776 5.0061e-02    3.00687    704.069    1490.51    704.069      54917          4  0.000e+00
    699.052     7.2399     7.2424   3.533173   3.533776 5.1282e-02    3.01190    704.108    1490.51    704.108      54918          4  0.000e+00
    699.006     7.2403     7.2424   3.533192   3.533755 5.1282e-02    3.01186    704.062    1490.51    704.062      54919          4  0.000e+00
    699.013     7.2405     7.2422   3.533223   3.533769 5.1282e-02    3.01185    704.069    1490.51    704.069      54920          4  0.000e+00
    699.053     7.2404     7.2422   3.533211   3.533776 5.0061e-02    3.01187    704.109    1490.51    704.109      54921          4  0.000e+00
    599.466     8.2708     8.2646   3.624353   3.623794 5.2503e-02    3.28517    603.656    1492.79    603.656      58727          5  0.000e+00
    599.420     8.2738     8.2641   3.624612   3.623840 5.3724e-02    3.28492    603.610    1492.80    603.610      58728          5  0.000e+00
    599.368     8.2755     8.2636   3.624719   3.623720 5.2503e-02    3.28477    603.557    1492.80    603.557      58729          5  0.000e+00
    599.335     8.2761     8.2621   3.624643   3.623539 5.0061e-02    3.28474    603.524    1492.80    603.524      58730          5  0.000e+00
    599.322     8.2749     8.2614   3.624441   3.623518 5.1282e-02    3.28966    603.511    1492.80    603.511      58731          5  0.000e+00
    599.368     8.2742     8.2613   3.624233   3.623529 5.3724e-02    3.28496    603.557    1492.79    603.557      58732          5  0.000e+00
    599.368     8.2713     8.2611   3.624050   3.623568 5.4945e-02    3.28998    603.557    1492.78    603.557      58733          5  0.000e+00
    599.467     8.2678     8.2618   3.623823   3.623522 5.4945e-02    3.28546    603.657    1492.77    603.657      58734          5  0.000e+00
    599.269     8.2654     8.2618   3.623640   3.623476 5.3724e-02    3.28556    603.458    1492.76    603.458      58735          5  0.000e+00
    599.368     8.2631     8.2598   3.623483   3.623408 5.2503e-02    3.28577    603.557    1492.76    603.557      58736          5  0.000e+00
    599.335     8.2625     8.2606   3.623281   3.623426 5.1282e-02    3.28583    603.524    1492.75    603.524      58737          5  0.000e+00
    599.467     8.2592     8.2572   3.622922   3.623334 5.2503e-02    3.28616    603.657    1492.74    603.657      58738          5  0.000e+00
    599.322     8.2569     8.2534   3.622556   3.623072 5.3724e-02    3.28150    603.511    1492.73    603.511      58739          5  0.000e+00
    599.270     8.2556     8.2535   3.622386   3.622651 5.3724e-02    3.28641    603.458    1492.72    603.458      58740          5  0.000e+00
    599.368     8.2540     8.2497   3.622493   3.622311 5.4945e-02    3.28652    603.558    1492.72    603.558      58741          5  0.000e+00
    599.322     8.2538     8.2496   3.622632   3.622187 5.4945e-02    3.28648    603.511    1492.72    603.511      58742          5  0.000e+00
    599.368     8.2540     8.2475   3.622726   3.621876 5.7387e-02    3.28647    603.558    1492.72    603.558      58743          5  0.000e+00
    599.322     8.2543     8.2402   3.622884   3.621154 5.6166e-02    3.28639    603.511    1492.72    603.511      58744          5  0.000e+00
    599.434     8.2581     8.2339   3.623142   3.620326 5.6166e-02    3.28616    603.624    1492.74    603.624      58745          5  0.000e+00
    599.217     8.2618     8.2290   3.623363   3.619862 5.6166e-02    3.28580    603.405    1492.75    603.405      58746          5  0.000e+00
    599.369     8.2635     8.2246   3.623350   3.619561 5.6166e-02    3.28578    603.558    1492.75    603.558      58747          5  0.000e+00
    599.270     8.2618     8.2211   3.623117   3.618988 5.6166e-02    3.28107    603.459    1492.75    603.459      58748          5  0.000e+00
    599.369     8.2602     8.2167   3.622783   3.618380 5.7387e-02    3.28609    603.558    1492.74    603.558      58749          5  0.000e+00
    599.323     8.2592     8.2125   3.622613   3.617959 5.6166e-02    3.28617    603.512    1492.73    603.512      58750          5  0.000e+00
    599.369     8.2585     8.2102   3.622455   3.617976 5.6166e-02    3.28145    603.558    1492.73    603.558      58751          5  0.000e+00
    599.323     8.2561     8.2127   3.622354   3.618281 5.6166e-02    3.28159    603.512    1492.72    603.512      58752          5  0.000e+00
