data/POLAR001.ros
* Sea-Bird SBE 9 Data File:
* FileName = C:Documents and SettingsCTDDesktopOPERANTAR XXXIII? BRUTOSPOLAR001.hex
* Software Version Seasave V 7.12
* Temperature SN = 031738
* Conductivity SN = 043181
* Number of Bytes Per Scan = 28
* Number of Voltage Words = 2
* Number of Scans Averaged by the Deck Unit = 1
** H-41
** NAVIO POLAR ALMIRANTE MAXIMIANO
** XXXIII
** ANT?RTICA XXXIII
** N?MERO DA ESTA??O: 001
** LATITUDE GGMM.mm S: 3730,35S
** LONGITUDE GGGMM.mm W: 05202,91W
** DATA (DD/MM/AAAA): 18/10/2014
** HORA (Z) :  0535Z
** PROFUNDIDADE LOCAL: 4095
** 09P52130-0929
** NOME DO OPERADOR: CT DANIEL GAMA
# nquan = 13
# nvalues = 490
# units = specified
# name 0 = depSM: Depth [salt water, m]
# name 1 = t090C: Temperature [ITS-90, deg C]
# name 2 = t190C: Temperature, 2 [ITS-90, deg C]
# name 3 = c0S/m: Conductivity [S/m]
# name 4 = c1S/m: Conductivity, 2 [S/m]
# name 5 = flSP: Fluorescence, Seapoint
# name 6 = sbeox0ML/L: Oxygen, SBE 43 [ml/l]
# name 7 = prDM: Pressure, Digiquartz [db]
# name 8 = svCM: Sound Velocity [Chen-Millero, m/s]
# name 9 = prDM: Pressure, Digiquartz [db]
# name 10 = scan: scan number
# name 11 = nbf: number of bottles fired
# name 12 = flag:  0.000e+00
# interval = seconds: 0.0416667
# start_time = Oct 18 2014 05:36:32
*END*
[from data line 334]
     52.351    19.3521    19.3552   4.867587   4.870983 4.3956e-01    2.92107     52.647    1521.85     52.647      78228          7  0.000e+00
     52.318    19.3519    19.3560   4.867644   4.871636 4.3468e-01    2.91755     52.614    1521.85     52.614      78229          7  0.000e+00
     52.318    19.3521    19.3574   4.867822   4.872399 4.2735e-01    2.91752     52.614    1521.85     52.614      78230          7  0.000e+00
     52.364    19.3528    19.3585   4.868483   4.872817 4.2002e-01    2.91741     52.660    1521.86     52.660      78231          7  0.000e+00
     52.397    19.3536    19.3594   4.868511   4.873195 4.1758e-01    2.92089     52.693    1521.86     52.693      78232          7  0.000e+00
     52.318    19.3531    19.3601   4.868255   4.873544 4.1880e-01    2.92092     52.614    1521.85     52.614      78233          7  0.000e+00
     52.416    19.3528    19.3606   4.868575   4.873710 4.1636e-01    2.91742     52.713    1521.86     52.713      78234          7  0.000e+00
     52.364    19.3544    19.3608   4.869606   4.873848 4.1636e-01    2.92068     52.660    1521.87     52.660      78235          7  0.000e+00
     52.397    19.3563    19.3613   4.870921   4.874132 4.0904e-01    2.92043     52.693    1521.89     52.693      78236          7  0.000e+00
     29.824    19.0256    19.0211   4.759603   4.759077 4.7863e-01    3.00233     29.991    1519.86     29.991      80033          8  0.000e+00
     29.825    19.0246    19.0205   4.759343   4.759045 4.7863e-01    3.00594     29.991    1519.85     29.991      80034          8  0.000e+00
     29.825    19.0232    19.0204   4.759019   4.759093 4.7985e-01    3.00605     29.991    1519.85     29.991      80035          8  0.000e+00
     29.825    19.0226    19.0202   4.759090   4.759041 4.8107e-01    3.00606     29.992    1519.85     29.992      80036          8  0.000e+00
     29.779    19.0235    19.0200   4.759322   4.758949 4.7741e-01    3.00597     29.946    1519.85     29.946      80037          8  0.000e+00
     29.825    19.0244    19.0197   4.759505   4.758860 4.7375e-01    3.00593     29.992    1519.85     29.992      80038          8  0.000e+00
     29.825    19.0249    19.0193   4.759484   4.758864 4.7497e-01    3.00591     29.992    1519.85     29.992      80039          8  0.000e+00
     29.779    19.0244    19.0193   4.759427   4.758912 4.8107e-01    3.00592     29.946    1519.85     29.946      80040          8  0.000e+00
     29.779    19.0242    19.0195   4.759357   4.758969 4.9084e-01    3.00594     29.946    1519.85     29.946      80041          8  0.000e+00
     29.779    19.0242    19.0197   4.759216   4.758969 4.9695e-01    3.00596     29.946    1519.85     29.946      80042          8  0.000e+00
     29.779    19.0240    19.0199   4.759146   4.759033 4.9206e-01    3.00598     29.946    1519.85     29.946      80043          8  0.000e+00
     29.734    19.0237    19.0195   4.759111   4.759029 4.8474e-01    3.00598     29.900    1519.85     29.900      80044          8  0.000e+00
     29.779    19.0235    19.0197   4.759104   4.759113 4.7741e-01    3.00601     29.946    1519.85     29.946      80045          8  0.000e+00
     29.779    19.0238    19.0221   4.759223   4.759755 4.7375e-01    3.00597     29.946    1519.85     29.946      80046          8  0.000e+00
     29.734    19.0237    19.0237   4.759378   4.760157 4.6764e-01    3.00594     29.900    1519.85     29.900      80047          8  0.000e+00
     29.727    19.0246    19.0244   4.759420   4.760161 4.5910e-01    3.00589     29.894    1519.85     29.894      80048          8  0.000e+00
     29.780    19.0241    19.0251   4.759273   4.760093 4.5665e-01    3.00596     29.946    1519.85     29.946      80049          8  0.000e+00
     29.734    19.0239    19.0251   4.759280   4.759988 4.6276e-01    3.00595     29.900    1519.85     29.900      80050          8  0.000e+00
     29.728    19.0244    19.0237   4.759364   4.759659 4.6520e-01    3.00591     29.894    1519.85     29.894      80051          8  0.000e+00
     29.728    19.0244    19.0223   4.759406   4.759466 4.6642e-01    3.00590     29.894    1519.85     29.894      80052          8  0.000e+00
     29.682    19.0247    19.0218   4.759357   4.759394 4.6520e-01    3.00941     29.848    1519.85     29.848      80053          8  0.000e+00
     29.734    19.0246    19.0211   4.759491   4.759394 4.6032e-01    3.00589     29.901    1519.85     29.901      80054          8  0.000e+00
     29.728    19.0249    19.0214   4.759484   4.759358 4.6154e-01    3.00587     29.894    1519.85     29.894      80055          8  0.000e+00
     29.682    19.0244    19.0213   4.759315   4.759262 4.6032e-01    3.00590     29.848    1519.85     29.848      80056          8  0.000e+00
     29.734    19.0240    19.0209   4.759111   4.759274 4.5910e-01    3.00950     29.901    1519.85     29.901      80057          8  0.000e+00
     29.682    19.0228    19.0209   4.758935   4.759221 4.5788e-01    3.00603     29.848    1519.84     29.848      80058          8  0.000e+00
     29.728    19.0233    19.0205   4.759075   4.759157 4.5421e-01    3.00600     29.894    1519.85     29.894      80059          8  0.000e+00
     29.682    19.0242    19.0205   4.759258   4.759105 4.5543e-01    3.00592     29.848    1519.85     29.848      80060          8  0.000e+00
     29.682    19.0241    19.0205   4.759329   4.759225 4.5788e-01    3.00944     29.849    1519.85     29.849      80061          8  0.000e+00
     29.728    19.0237    19.0209   4.759188   4.759286 4.6154e-01    3.00597     29.895    1519.85     29.895      80062          8  0.000e+00
     29.683    19.0235    19.0207   4.759139   4.759250 4.6276e-01    3.00597     29.849    1519.85     29.849      80063          8  0.000e+00
     29.683    19.0232    19.0209   4.759202   4.759221 4.7131e-01    3.00597     29.849    1519.85     29.849      80064          8  0.000e+00
     29.683    19.0235    19.0205   4.759251   4.759177 4.7375e-01    3.00595     29.849    1519.85     29.849      80065          8  0.000e+00
     29.683    19.0237    19.0207   4.759139   4.759137 4.7009e-01    3.00596     29.849    1519.85     29.849      80066          8  0.000e+00
     29.637    19.0228    19.0205   4.759068   4.759193 4.6886e-01    3.00599     29.803    1519.84     29.803      80067          8  0.000e+00
     29.728    19.0226    19.0207   4.759061   4.759177 4.6764e-01    3.00603     29.895    1519.84     29.895      80068          8  0.000e+00
     29.637    19.0226    19.0204   4.759118   4.759121 4.6764e-01    3.00599     29.803    1519.84     29.803      80069          8  0.000e+00
     29.683    19.0232    19.0204   4.759202   4.759149 4.7009e-01    3.00597     29.849    1519.85     29.849      80070          8  0.000e+00
     29.683    19.0232    19.0205   4.759132   4.759217 4.7009e-01    3.00598     29.849    1519.85     29.849      80071          8  0.000e+00
     29.637    19.0235    19.0204   4.759068   4.759193 4.6886e-01    3.00596     29.803    1519.85     29.803      80072          8  0.000e+00
     29.683    19.0230    19.0204   4.758998   4.759193 4.6886e-01    3.00954     29.849    1519.84     29.849      80073          8  0.000e+00
     29.683    19.0230    19.0202   4.758949   4.759077 4.6764e-01    3.00955     29.849    1519.84     29.849      80074          8  0.000e+00
     29.637    19.0226    19.0199   4.758906   4.758940 4.6886e-01    3.00602     29.803    1519.84     29.803      80075          8  0.000e+00
     29.735    19.0226    19.0193   4.758864   4.758912 4.7497e-01    3.00606     29.902    1519.84     29.902      80076          8  0.000e+00
     29.638    19.0223    19.0195   4.758885   4.759005 4.7253e-01    3.00604     29.803    1519.84     29.803      80077          8  0.000e+00
     29.638    19.0225    19.0195   4.758913   4.759025 4.6154e-01    3.00603     29.803    1519.84     29.803      80078          8  0.000e+00
     29.683    19.0226    19.0195   4.758899   4.758924 4.5543e-01    3.00604     29.849    1519.84     29.849      80079          8  0.000e+00
     29.683    19.0226    19.0197   4.758864   4.758904 4.6032e-01    3.00604     29.849    1519.84     29.849      80080          8  0.000e+00
     29.683    19.0223    19.0193   4.758857   4.758993 4.6276e-01    3.00959     29.850    1519.84     29.850      80081          8  0.000e+00
     15.745    18.9740    18.9734   4.747951   4.748276 4.0781e-01    3.02569     15.832    1519.42     15.832      82268          9  0.000e+00
     15.803    18.9731    18.9734   4.747923   4.748320 4.1148e-01    3.02223     15.891    1519.42     15.891      82269          9  0.000e+00
     15.745    18.9728    18.9734   4.747859   4.748312 4.1514e-01    3.02223     15.832    1519.42     15.832      82270          9  0.000e+00
     15.745    18.9726    18.9734   4.747923   4.748272 4.1880e-01    3.02576     15.832    1519.42     15.832      82271          9  0.000e+00
     15.751    18.9731    18.9732   4.748000   4.748184 4.1514e-01    3.02573     15.839    1519.42     15.839      82272          9  0.000e+00
     15.693    18.9731    18.9730   4.747972   4.748131 4.0659e-01    3.02571     15.780    1519.42     15.780      82273          9  0.000e+00
     15.647    18.9731    18.9728   4.747958   4.748175 4.0659e-01    3.02569     15.734    1519.42     15.734      82274          9  0.000e+00
     15.751    18.9735    18.9732   4.747958   4.748276 4.0659e-01    3.02572     15.839    1519.42     15.839      82275          9  0.000e+00
     15.693    18.9729    18.9729   4.747930   4.748248 4.1026e-01    3.02572     15.780    1519.42     15.780      82276          9  0.000e+00
     15.549    18.9735    18.9730   4.747965   4.748203 4.0904e-01    3.02211     15.636    1519.42     15.636      82277          9  0.000e+00
     15.751    18.9733    18.9728   4.747937   4.748167 4.0904e-01    3.02220     15.839    1519.42     15.839      82278          9  0.000e+00
     15.601    18.9727    18.9729   4.747888   4.748212 4.1270e-01    3.02217     15.688    1519.42     15.688      82279          9  0.000e+00
     15.549    18.9728    18.9726   4.747880   4.748175 4.1758e-01    3.02215     15.636    1519.41     15.636      82280          9  0.000e+00
     15.706    18.9728    18.9730   4.747859   4.748212 4.2125e-01    3.02575     15.793    1519.42     15.793      82281          9  0.000e+00
     15.549    18.9729    18.9728   4.747873   4.748256 4.1636e-01    3.02568     15.636    1519.41     15.636      82282          9  0.000e+00
     15.602    18.9731    18.9730   4.747880   4.748212 4.0904e-01    3.02216     15.688    1519.42     15.688      82283          9  0.000e+00
     15.563    18.9731    18.9728   4.747880   4.748220 4.0415e-01    3.02214     15.649    1519.42     15.649      82284          9  0.000e+00
     15.504    18.9724    18.9726   4.747859   4.748175 4.0537e-01    3.02215     15.590    1519.41     15.590      82285          9  0.000e+00
     15.550    18.9723    18.9728   4.747902   4.748183 4.0415e-01    3.02570     15.636    1519.41     15.636      82286          9  0.000e+00
     15.510    18.9724    18.9727   4.747859   4.748219 4.0659e-01    3.02216     15.597    1519.41     15.597      82287          9  0.000e+00
     15.504    18.9721    18.9728   4.747866   4.748147 4.0537e-01    3.02217     15.590    1519.41     15.590      82288          9  0.000e+00
     15.504    18.9719    18.9726   4.747831   4.748203 4.0049e-01    3.02571     15.590    1519.41     15.590      82289          9  0.000e+00
     15.465    18.9724    18.9730   4.747831   4.748175 3.9438e-01    3.02567     15.551    1519.41     15.551      82290          9  0.000e+00
     15.452    18.9714    18.9727   4.747803   4.748103 3.8828e-01    3.02219     15.538    1519.41     15.538      82291          9  0.000e+00
     15.452    18.9710    18.9725   4.747768   4.748059 3.8584e-01    3.02221     15.538    1519.41     15.538      82292          9  0.000e+00
     15.413    18.9715    18.9721   4.747768   4.748131 3.8584e-01    3.02217     15.499    1519.41     15.499      82293          9  0.000e+00
     15.452    18.9714    18.9723   4.747789   4.748183 3.8339e-01    3.02219     15.538    1519.41     15.538      82294          9  0.000e+00
     15.406    18.9712    18.9723   4.747796   4.748167 3.8217e-01    3.02218     15.492    1519.41     15.492      82295          9  0.000e+00
     15.367    18.9710    18.9726   4.747768   4.748127 3.8339e-01    3.02218     15.453    1519.41     15.453      82296          9  0.000e+00
     15.407    18.9712    18.9725   4.747803   4.748119 3.8217e-01    3.02218     15.492    1519.41     15.492      82297          9  0.000e+00
     15.354    18.9712    18.9723   4.747775   4.748123 3.8217e-01    3.02216     15.440    1519.41     15.440      82298          9  0.000e+00
     15.367    18.9710    18.9723   4.747761   4.748123 3.8462e-01    3.02218     15.453    1519.41     15.453      82299          9  0.000e+00
     15.309    18.9708    18.9720   4.747761   4.748039 3.8217e-01    3.02216     15.394    1519.41     15.394      82300          9  0.000e+00
     15.355    18.9708    18.9720   4.747768   4.748015 3.8339e-01    3.02218     15.440    1519.41     15.440      82301          9  0.000e+00
     15.315    18.9708    18.9721   4.747669   4.748067 3.8584e-01    3.02571     15.401    1519.41     15.401      82302          9  0.000e+00
     15.355    18.9708    18.9723   4.747662   4.748087 3.9316e-01    3.02220     15.440    1519.41     15.440      82303          9  0.000e+00
     15.309    18.9710    18.9723   4.747705   4.748111 3.9560e-01    3.02217     15.394    1519.41     15.394      82304          9  0.000e+00
     15.270    18.9707    18.9723   4.747669   4.748123 3.9805e-01    3.02217     15.355    1519.40     15.355      82305          9  0.000e+00
     15.309    18.9703    18.9723   4.747698   4.748147 3.9438e-01    3.02573     15.394    1519.40     15.394      82306          9  0.000e+00
     15.263    18.9703    18.9721   4.747655   4.748103 3.9072e-01    3.02219     15.348    1519.40     15.348      82307          9  0.000e+00
     15.270    18.9705    18.9721   4.747698   4.748031 3.9438e-01    3.02217     15.355    1519.40     15.355      82308          9  0.000e+00
     15.309    18.9708    18.9718   4.747655   4.748015 4.0659e-01    3.02218     15.394    1519.40     15.394      82309          9  0.000e+00
     15.211    18.9703    18.9720   4.747648   4.747987 4.1392e-01    3.02217     15.296    1519.40     15.296      82310          9  0.000e+00
     15.270    18.9707    18.9720   4.747669   4.747979 4.1880e-01    3.02570     15.355    1519.40     15.355      82311          9  0.000e+00
     15.264    18.9710    18.9720   4.747761   4.748059 4.2002e-01    3.02567     15.348    1519.41     15.348      82312          9  0.000e+00
     15.211    18.9708    18.9720   4.747705   4.748139 4.2125e-01    3.02566     15.296    1519.40     15.296      82313          9  0.000e+00
     15.270    18.9708    18.9721   4.747747   4.748075 4.1392e-01    3.02568     15.355    1519.41     15.355      82314          9  0.000e+00
     15.212    18.9715    18.9720   4.747733   4.748103 4.0904e-01    3.02210     15.296    1519.41     15.296      82315          9  0.000e+00
     15.264    18.9710    18.9723   4.747747   4.748067 4.1148e-01    3.02567     15.349    1519.41     15.349      82316          9  0.000e+00
      5.571    18.9518    18.9513   4.744929   4.745349 3.8217e-01    3.02677      5.601    1519.18      5.601      83895         10  0.000e+00
      5.518    18.9520    18.9516   4.744887   4.745385 3.9316e-01    3.03027      5.549    1519.18      5.549      83896         10  0.000e+00
      5.571    18.9520    18.9518   4.744866   4.745293 4.0537e-01    3.03029      5.601    1519.18      5.601      83897         10  0.000e+00
