data/POLAR001.ros
* Sea-Bird SBE 9 Data File:
* FileName = C:Documents and SettingsCTDDesktopOPERANTAR XXXIII? BRUTOSPOLAR001.hex
* Software Version Seasave V 7.12
* Temperature SN = 031738
* Conductivity SN = 043181
* Number of Bytes Per Scan = 28
* Number of Voltage Words = 2
* Number of Scans Averaged by the Deck Unit = 1
** H-41
** NAVIO POLAR ALMIRANTE MAXIMIANO
** XXXIII
** ANT?RTICA XXXIII
** N?MERO DA ESTA??O: 001
** LATITUDE GGMM.mm S: 3730,35S
** LONGITUDE GGGMM.mm W: 05202,91W
** DATA (DD/MM/AAAA): 18/10/2014
** HORA (Z) :  0535Z
** PROFUNDIDADE LOCAL: 4095
** 09P52130-0929
** NOME DO OPERADOR: CT DANIEL GAMA
# nquan = 13
# nvalues = 490
# units = specified
# name 0 = depSM: Depth [salt water, m]
# name 1 = t090C: Temperature [ITS-90, deg C]
# name 2 = t190C: Temperature, 2 [ITS-90, deg C]
# name 3 = c0S/m: Conductivity [S/m]
# name 4 = c1S/m: Conductivity, 2 [S/m]
# name 5 = flSP: Fluorescence, Seapoint
# name 6 = sbeox0ML/L: Oxygen, SBE 43 [ml/l]
# name 7 = prDM: Pressure, Digiquartz [db]
# name 8 = svCM: Sound Velocity [Chen-Millero, m/s]
# name 9 = prDM: Pressure, Digiquartz [db]
# name 10 = scan: scan number
# name 11 = nbf: number of bottles fired
# name 12 = flag:  0.000e+00
# interval = seconds: 0.0416667
# start_time = Oct 18 2014 05:36:32
*END*
[from data line 445]
      5.636    18.9518    18.9518   4.744866   4.745401 4.1514e-01    3.02680      5.667    1519.18      5.667      83899         10  0.000e+00
      5.519    18.9516    18.9522   4.744866   4.745421 4.1148e-01    3.02676      5.549    1519.18      5.549      83900         10  0.000e+00
      5.473    18.9518    18.9524   4.744803   4.745365 4.0415e-01    3.03027      5.503    1519.18      5.503      83901         10  0.000e+00
      5.519    18.9516    18.9528   4.744782   4.745401 4.0293e-01    3.03030      5.549    1519.18      5.549      83902         10  0.000e+00
      5.571    18.9513    18.9529   4.744810   4.745437 4.0049e-01    3.02681      5.602    1519.18      5.602      83903         10  0.000e+00
      5.519    18.9514    18.9530   4.744852   4.745505 3.9805e-01    3.03030      5.549    1519.18      5.549      83904         10  0.000e+00
      5.473    18.9513    18.9528   4.744838   4.745473 3.9683e-01    3.02677      5.503    1519.18      5.503      83905         10  0.000e+00
      5.519    18.9516    18.9526   4.744824   4.745401 4.0049e-01    3.02677      5.549    1519.18      5.549      83906         10  0.000e+00
      5.519    18.9516    18.9525   4.744852   4.745329 4.0904e-01    3.02677      5.549    1519.18      5.549      83907         10  0.000e+00
      5.473    18.9516    18.9522   4.744838   4.745313 4.0781e-01    3.03028      5.504    1519.18      5.504      83908         10  0.000e+00
      5.519    18.9514    18.9521   4.744824   4.745337 3.9927e-01    3.02678      5.550    1519.18      5.550      83909         10  0.000e+00
      5.473    18.9518    18.9516   4.744824   4.745337 3.9560e-01    3.03027      5.504    1519.18      5.504      83910         10  0.000e+00
      5.486    18.9518    18.9522   4.744824   4.745317 4.0171e-01    3.02675      5.517    1519.18      5.517      83911         10  0.000e+00
      5.519    18.9517    18.9519   4.744852   4.745365 4.0904e-01    3.02677      5.550    1519.18      5.550      83912         10  0.000e+00
      5.519    18.9518    18.9523   4.744894   4.745385 4.1270e-01    3.02675      5.550    1519.18      5.550      83913         10  0.000e+00
      5.519    18.9516    18.9523   4.744845   4.745437 4.1270e-01    3.02677      5.550    1519.18      5.550      83914         10  0.000e+00
      5.474    18.9514    18.9523   4.744852   4.745457 4.1270e-01    3.03028      5.504    1519.18      5.504      83915         10  0.000e+00
      5.474    18.9518    18.9525   4.744831   4.745445 4.1270e-01    3.02674      5.504    1519.18      5.504      83916         10  0.000e+00
      5.519    18.9518    18.9525   4.744852   4.745397 4.1148e-01    3.02676      5.550    1519.18      5.550      83917         10  0.000e+00
      5.474    18.9516    18.9524   4.744838   4.745385 4.0171e-01    3.03028      5.504    1519.18      5.504      83918         10  0.000e+00
      5.519    18.9514    18.9525   4.744824   4.745409 3.9194e-01    3.03030      5.550    1519.18      5.550      83919         10  0.000e+00
      5.519    18.9514    18.9528   4.744852   4.745473 3.8706e-01    3.03030      5.550    1519.18      5.550      83920         10  0.000e+00
      5.474    18.9516    18.9529   4.744803   4.745465 3.8339e-01    3.03028      5.504    1519.18      5.504      83921         10  0.000e+00
      5.520    18.9516    18.9528   4.744873   4.745457 3.7973e-01    3.03029      5.550    1519.18      5.550      83922         10  0.000e+00
      5.474    18.9513    18.9527   4.744845   4.745445 3.8095e-01    3.03029      5.504    1519.18      5.504      83923         10  0.000e+00
      5.539    18.9518    18.9531   4.744859   4.745505 3.8095e-01    3.03029      5.570    1519.18      5.570      83924         10  0.000e+00
      5.474    18.9520    18.9534   4.744894   4.745529 3.8217e-01    3.03025      5.504    1519.18      5.504      83925         10  0.000e+00
      5.520    18.9516    18.9535   4.744845   4.745501 3.8462e-01    3.03029      5.550    1519.18      5.550      83926         10  0.000e+00
      5.474    18.9520    18.9535   4.744824   4.745517 3.8462e-01    3.03026      5.504    1519.18      5.504      83927         10  0.000e+00
      5.520    18.9520    18.9537   4.744887   4.745529 3.8950e-01    3.02675      5.550    1519.18      5.550      83928         10  0.000e+00
      5.520    18.9521    18.9535   4.744908   4.745553 3.9560e-01    3.03026      5.550    1519.18      5.550      83929         10  0.000e+00
      5.474    18.9520    18.9535   4.744908   4.745473 4.0171e-01    3.02673      5.505    1519.18      5.505      83930         10  0.000e+00
      5.572    18.9523    18.9534   4.744873   4.745397 4.0537e-01    3.02675      5.603    1519.18      5.603      83931         10  0.000e+00
      5.474    18.9520    18.9530   4.744894   4.745465 4.1026e-01    3.02673      5.505    1519.18      5.505      83932         10  0.000e+00
      5.474    18.9520    18.9535   4.744908   4.745545 4.2002e-01    3.02673      5.505    1519.18      5.505      83933         10  0.000e+00
      5.520    18.9522    18.9535   4.744880   4.745537 4.3590e-01    3.02674      5.551    1519.18      5.551      83934         10  0.000e+00
      5.520    18.9523    18.9539   4.744922   4.745581 4.4200e-01    3.02673      5.551    1519.18      5.551      83935         10  0.000e+00
      5.474    18.9529    18.9540   4.744915   4.745565 4.3101e-01    3.03374      5.505    1519.18      5.505      83936         10  0.000e+00
      5.488    18.9527    18.9542   4.744845   4.745589 4.2002e-01    3.03024      5.518    1519.18      5.518      83937         10  0.000e+00
      5.475    18.9521    18.9541   4.744824   4.745545 4.1758e-01    3.03026      5.505    1519.18      5.505      83938         10  0.000e+00
      5.520    18.9520    18.9543   4.744852   4.745553 4.2002e-01    3.03028      5.551    1519.18      5.551      83939         10  0.000e+00
      5.475    18.9521    18.9542   4.744866   4.745673 4.2247e-01    3.02672      5.505    1519.18      5.505      83940         10  0.000e+00
      5.475    18.9523    18.9544   4.744894   4.745653 4.2247e-01    3.03024      5.505    1519.18      5.505      83941         10  0.000e+00
      5.475    18.9516    18.9542   4.744845   4.745529 4.2002e-01    3.03028      5.505    1519.18      5.505      83942         10  0.000e+00
      5.475    18.9516    18.9539   4.744824   4.745481 4.2125e-01    3.03028      5.505    1519.18      5.505      83943         10  0.000e+00
